40
15
73
72
45
7
58
97
40
76
100
12
45
11
24
81
77
2
8
20
99
46
38
76
30
88
23
30
9
92
85
29
45
47
61
2
56
13
68
52
32
3
76
93
6
22
5
16
89
35
24
71
39
7
51
7
29
83
32
11
83
27
15
47
26
26
74
45
60
58
8
71
65
15
77
72
56
15
92
77
13
68
21
31
86
30
40
30
0
32
66
49
82
92
23
31
7
6
80
28
98
46
90
48
78
23
88
18
10
70
73
11
27
0
28
40
55
91
4
72
83
45
25
70
52
84
40
14
16
31
72
95
60
25
100
46
8
33
21
19
38
3
20
36
7
20
3
48
16
2
20
26
17
19
37
18
86
43
74
95
83
35
70
3
95
80
4
92
1
38
19
74
60
76
82
32
37
8
32
22
93
25
43
55
50
45
57
53
34
47
12
36
40
44
26
32
0
37
47
78
4
24
51
0
53
86
84
46
0
34
29
46
61
54
5
82
28
3
69
48
97
16
21
69
24
72
18
71
31
66
51
63
66
67
13
30
44
74
29
90
85
59
36
18
48
27
20
100
4
66
83
94
30
12
44
87
76
25
51
24
91
73
16
71
38
33
33
11
14
22
1
41
83
35
22
54
38
24
75
65
32
94
40
95
41
36
0
52
37
2
60
16
38
7
21
92
79
79
63
6
100
50
61
45
88
3
89
81
66
64
37
99
69
38
7
74
91
29
91
90
54
90
7
85
87
60
22
81
47
52
86
97
87
21
45
8
97
99
59
47
19
5
54
91
76
43
82
67
94
73
93
93
75
66
84
82
100
60
54
58
2
92
11
75
16
38
73
8
10
42
90
11
40
49
48
95
17
43
88
27
17
92
63
17
52
100
7
77
96
77
29
11
13
26
79
53
83
44
37
85
33
49
62
52
23
37
21
29
58
61
76
22
82
49
34
89
41
49
26
55
46
24
39
92
47
75
53
55
32
22
12
42
72
23
89
62
15
50
54
79
71
12
28
36
61
49
18
96
100
67
13
16
75
53
53
18
75
49
28
24
66
99
48
54
36
62
6
47
19
10
3
96
26
2
52
69
81
37
6
91
91
91
74
76
60
55
17
73
72
48
29
18
36
38
74
57
38
49
85
32
88
82
7
95
2
28
85
35
22
98
67
96
77
54
37
66
31
65
58
5
16
65
4
8
50
46
99
54
95
62
17
58
27
67
80
59
79
75
92
65
17
58
45
96
27
78
63
33
74
55
79
31
89
80
33
84
67
69
6
14
24
68
27
77
100
10
12
34
37
20
64
5
52
85
67
43
11
75
39
41
23
42
60
29
73
67
23
48
99
95
61
71
51
25
68
61
17
98
77
35
63
33
24
18
66
85
33
53
4
48
82
67
71
79
62
46
56
89
9
22
11
50
3
24
99
82
16
97
48
52
21
40
45
72
20
82
52
7
26
10
84
92
33
5
58
62
23
94
29
100
55
41
24
4
55
40
97
77
83
84
9
42
72
94
77
85
31
88
54
39
5
61
28
90
67
66
82
28
59
49
86
44
51
56
9
67
13
49
78
40
1
42
77
73
35
4
51
13
61
45
72
11
5
21
21
16
81
74
91
54
64
54
22
58
16
32
93
86
54
48
75
92
37
3
74
92
93
49
68
87
43
80
57
94
44
69
51
39
4
69
89
57
9
17
38
65
100
53
50
52
31
100
26
43
81
16
80
87
6
70
27
26
40
30
14
97
12
50
4
13
93
9
30
96
46
14
36
84
76
16
14
97
79
31
75
96
54
45
28
87
17
72
34
44
41
54
0
70
84
75
77
86
31
66
25
69
2
84
22
20
50
36
70
92
4
37
63
41
5
71
3
61
40
27
96
42
64
20
28
7
5
19
62
94
32
27
34
15
85
30
6
73
52
40
55
48
99
76
39
63
9
88
44
19
72
77
23
14
55
17
62
40
7
26
61
66
36
96
73
16
79
25
100
28
44
74
59
19
28
72
54
34
73
6
41
12
87
21
30
43
88
47
16
42
95
3
74
20
10
92
8
92
46
6
18
68
13
98
26
99
37
17
60
18
27
56
40
30
35
32
34
3
66
27
65
26
50
24
6
68
54
48
64
3
27
74
81
59
76
88
55
20
49
66
15
72
34
77
38
4
49
43
54
60
18
94
29
47
37
26
67
7
90
16
11
53
43
98
7
63
77
35
94
58
65
42
79
38
82
27
87
8
35
56
13
68
4
94
88
100
96
15
68
29
72
62
81
83
90
9
